    unsorted:	 812.4016983 818.3911551 788.5297854 783.8787333 846.4475018 887.8651123 885.1450585 760.4872645 913.3301623 942.0288105 986.4882533 1006.602677 631.3410459 630.8095182 659.2007482 1031.675492 571.1540684 1098.203247 500.1601535 419.2691426 390.0328957 328.9869210 298.3940655 282.7241951 255.4793207 244.5538087 100.7475844 98.46003662 86.36559994 116.1998173 124.4230468 135.6704709 79.80414563 58.80887406 51.02630008 43.66610800 41.65382171 34.03718125 20.92809771 16.99224934 205.7255521 9.938960229 1157.836990 1180.234541 1251.903961 1270.300714 1309.617505 1369.004300 1387.949333 1572.400860 1608.866037 1632.531430 1731.179609 1776.545115 2054.176320 2214.017684 2687.917057 2763.080898 2879.081310 3221.982313 3701.078086 3816.932554 3801.127775 4885.185497 5504.427362 6026.764665 6387.377170 7092.584151 7730.796749 8086.085123 8310.359654 8955.179729 10556.55422 11925.77394 11655.09411 12379.80189 13335.97182 14273.08870 16506.25603 17729.14853 19191.39794 19968.02758 20136.89308 23278.69078 25258.86679 28127.15124 29401.23356 32360.50775 246954.5037 246857.5577 246865.2804 246813.4266 246975.9997 246996.5786 246767.7792 246711.1685 246679.6025 247058.0631 246547.0482 246471.7107 246409.2809 247166.3294 246231.9210 246017.1339 245883.6071 245589.9931 245410.7592 245280.4977 245132.3037 245095.7445 244878.5247 244733.7411 247704.0152 244343.5728 244137.4271 243941.9515 248320.1304 248597.8652 243115.2284 242606.6881 242031.8470 249854.7383 250244.4700 250625.2245 240924.2104 250937.6140 240614.9042 239258.0251 237469.7245 236982.3047 236611.1522 236370.5917 235794.8763 252818.7194 234902.2473 234110.4288 254137.8850 254337.4761 229526.8403 228577.9653 45528.16040 47494.82386 52733.37133 223276.9920 56965.64882 58902.04550 219417.8330 263507.8943 68696.97033 69319.68242 265662.2332 79136.63873 208346.1763 271978.6227 163908.7660 284801.8072 313011.8261 373875.0344 449607.4015 464587.2868 717870.1537 3.738615430 172.8782516
      sorted:	 3.738615430 9.938960229 16.99224934 20.92809771 34.03718125 41.65382171 43.66610800 51.02630008 58.80887406 79.80414563 86.36559994 98.46003662 100.7475844 116.1998173 124.4230468 135.6704709 172.8782516 205.7255521 244.5538087 255.4793207 282.7241951 298.3940655 328.9869210 390.0328957 419.2691426 500.1601535 571.1540684 630.8095182 631.3410459 659.2007482 760.4872645 783.8787333 788.5297854 812.4016983 818.3911551 846.4475018 885.1450585 887.8651123 913.3301623 942.0288105 986.4882533 1006.602677 1031.675492 1098.203247 1157.836990 1180.234541 1251.903961 1270.300714 1309.617505 1369.004300 1387.949333 1572.400860 1608.866037 1632.531430 1731.179609 1776.545115 2054.176320 2214.017684 2687.917057 2763.080898 2879.081310 3221.982313 3701.078086 3801.127775 3816.932554 4885.185497 5504.427362 6026.764665 6387.377170 7092.584151 7730.796749 8086.085123 8310.359654 8955.179729 10556.55422 11655.09411 11925.77394 12379.80189 13335.97182 14273.08870 16506.25603 17729.14853 19191.39794 19968.02758 20136.89308 23278.69078 25258.86679 28127.15124 29401.23356 32360.50775 45528.16040 47494.82386 52733.37133 56965.64882 58902.04550 68696.97033 69319.68242 79136.63873 163908.7660 208346.1763 219417.8330 223276.9920 228577.9653 229526.8403 234110.4288 234902.2473 235794.8763 236370.5917 236611.1522 236982.3047 237469.7245 239258.0251 240614.9042 240924.2104 242031.8470 242606.6881 243115.2284 243941.9515 244137.4271 244343.5728 244733.7411 244878.5247 245095.7445 245132.3037 245280.4977 245410.7592 245589.9931 245883.6071 246017.1339 246231.9210 246409.2809 246471.7107 246547.0482 246679.6025 246711.1685 246767.7792 246813.4266 246857.5577 246865.2804 246954.5037 246975.9997 246996.5786 247058.0631 247166.3294 247704.0152 248320.1304 248597.8652 249854.7383 250244.4700 250625.2245 250937.6140 252818.7194 254137.8850 254337.4761 263507.8943 265662.2332 271978.6227 284801.8072 313011.8261 373875.0344 449607.4015 464587.2868 717870.1537
