    unsorted:	 96.63433574 97.47304483 82.61128319 76.18652806 115.5660471 122.3360704 133.3866492 58.80640894 47.43520287 44.13620946 38.73329505 31.42598332 20.76935056 17.61582592 10.14712556 250.3009349 251.3109031 243.7524461 297.0082091 326.9917300 392.0064991 371.8893280 419.0699266 503.7439737 518.8153025 564.0373417 592.5102447 646.4189077 715.8406377 747.2613872 762.0178098 782.6404863 834.1709699 869.7739318 890.8740529 921.7344309 954.9801078 968.1603139 993.5075688 1007.039140 1073.800743 1126.044895 1139.194329 1218.538250 1236.123082 1307.619796 1323.541950 1355.542114 1480.333404 1552.154145 1640.556767 1719.552579 1704.338290 1753.530954 2022.110612 2199.634304 2661.209175 2720.244789 2859.374602 3402.593138 3693.287231 3798.297089 3815.192149 3983.301818 4876.343707 5578.857528 6305.813211 6650.489048 8083.331546 7870.918062 8328.167061 8440.166567 9270.089766 10757.25270 11945.25488 11745.43963 13366.04799 14649.88875 15297.42571 16548.17915 18110.26820 20001.00938 19876.80635 20413.26010 23532.11959 28253.17748 28915.37443 29758.31804 33693.30177 247121.9891 247141.3685 247022.7239 246975.9824 246882.9443 246833.9210 246679.9653 246644.4319 247309.7354 247302.4703 247375.2123 247399.0651 246523.1182 246382.0942 246324.2979 246011.8482 245816.9640 245669.7708 245602.0038 245487.0343 245479.5872 245196.6583 245136.9444 244858.2960 248074.3019 244540.4538 243946.6283 243788.6701 248690.7495 248859.0027 242638.7824 242247.6220 242077.8180 241767.1893 240996.2479 249971.9116 250692.2558 251035.7060 240136.4110 238569.5829 237794.8985 252679.8329 237125.0322 236768.7943 236210.7935 235682.5002 235481.5146 253616.5923 253834.1988 254220.3036 230405.7284 228392.5747 45551.22543 222327.0171 222086.6662 263401.4129 52975.15959 57106.34768 59116.06138 266557.7215 213440.7719 68728.11796 69412.33174 269378.6277 79173.14547 170019.5552 294530.0937 328574.8598 371251.2985 457989.9831 521332.7055 2551325.747 3.738615238 172.8782514
      sorted:	 3.738615238 10.14712556 17.61582592 20.76935056 31.42598332 38.73329505 44.13620946 47.43520287 58.80640894 76.18652806 82.61128319 96.63433574 97.47304483 115.5660471 122.3360704 133.3866492 172.8782514 243.7524461 250.3009349 251.3109031 297.0082091 326.9917300 371.8893280 392.0064991 419.0699266 503.7439737 518.8153025 564.0373417 592.5102447 646.4189077 715.8406377 747.2613872 762.0178098 782.6404863 834.1709699 869.7739318 890.8740529 921.7344309 954.9801078 968.1603139 993.5075688 1007.039140 1073.800743 1126.044895 1139.194329 1218.538250 1236.123082 1307.619796 1323.541950 1355.542114 1480.333404 1552.154145 1640.556767 1704.338290 1719.552579 1753.530954 2022.110612 2199.634304 2661.209175 2720.244789 2859.374602 3402.593138 3693.287231 3798.297089 3815.192149 3983.301818 4876.343707 5578.857528 6305.813211 6650.489048 7870.918062 8083.331546 8328.167061 8440.166567 9270.089766 10757.25270 11745.43963 11945.25488 13366.04799 14649.88875 15297.42571 16548.17915 18110.26820 19876.80635 20001.00938 20413.26010 23532.11959 28253.17748 28915.37443 29758.31804 33693.30177 45551.22543 52975.15959 57106.34768 59116.06138 68728.11796 69412.33174 79173.14547 170019.5552 213440.7719 222086.6662 222327.0171 228392.5747 230405.7284 235481.5146 235682.5002 236210.7935 236768.7943 237125.0322 237794.8985 238569.5829 240136.4110 240996.2479 241767.1893 242077.8180 242247.6220 242638.7824 243788.6701 243946.6283 244540.4538 244858.2960 245136.9444 245196.6583 245479.5872 245487.0343 245602.0038 245669.7708 245816.9640 246011.8482 246324.2979 246382.0942 246523.1182 246644.4319 246679.9653 246833.9210 246882.9443 246975.9824 247022.7239 247121.9891 247141.3685 247302.4703 247309.7354 247375.2123 247399.0651 248074.3019 248690.7495 248859.0027 249971.9116 250692.2558 251035.7060 252679.8329 253616.5923 253834.1988 254220.3036 263401.4129 266557.7215 269378.6277 294530.0937 328574.8598 371251.2985 457989.9831 521332.7055 2551325.747
