    unsorted:	 33.99495599 36.11780094 38.74053219 29.56427416 48.98056431 19.80800732 74.18732391 68.48005081 78.75779628 91.78807908 99.80091910 107.1705814 11.73789529 8.499141764 118.5659255 135.0677538 196.9856759 216.4300268 223.9408960 264.6761393 305.1318824 333.0060649 355.5969246 431.4704898 485.7436571 518.7244897 576.2857854 593.5589337 617.2079704 696.2318262 727.0536545 735.3152860 757.4765606 800.7051585 813.8868657 880.3217438 910.0785656 953.3242636 1002.717263 1045.148836 1100.092851 1174.212911 1233.944040 1284.891438 1371.574653 1506.433112 1567.987211 1596.185146 1687.688959 1702.514432 1843.628016 2167.002504 2339.727720 2705.495847 2838.954606 3079.198297 3369.657465 3707.046721 3757.336790 3945.655938 4863.826866 5263.978322 6307.197430 7607.444924 7856.525383 7989.674589 8535.776573 9781.950865 10682.76214 11800.47203 14060.80362 14334.70678 16119.44868 16952.09167 17620.28765 19248.03880 21526.65562 25922.95961 28593.53007 30577.90454 37289.10322 43360.52077 48032.41645 54175.35585 57503.61758 57994.29248 246278.0910 245995.5091 246049.2136 245710.6077 245568.7689 245472.2433 245405.3452 246532.2025 246623.1763 246767.0617 246831.4799 246925.7991 245277.2946 247211.3452 247256.8169 247392.1240 244890.4572 244257.0485 243966.9472 243631.7043 248316.3246 248570.0492 242658.4842 242093.4059 241830.0650 241308.8474 241094.0052 249318.3872 250298.9177 250750.4069 239096.9820 237972.1314 237374.7580 237461.2544 236904.1603 236278.0552 235770.7751 252430.7589 253289.7878 253412.5657 230725.6752 228921.3423 223415.8759 223245.4443 261857.2662 264163.1004 215379.5377 267404.2067 94401.65385 171735.2370 290744.4709 304702.4487 366947.0753 457454.0125 502962.8797 2549264.608 3.738615238 172.8782514
      sorted:	 3.738615238 8.499141764 11.73789529 19.80800732 29.56427416 33.99495599 36.11780094 38.74053219 48.98056431 68.48005081 74.18732391 78.75779628 91.78807908 99.80091910 107.1705814 118.5659255 135.0677538 172.8782514 196.9856759 216.4300268 223.9408960 264.6761393 305.1318824 333.0060649 355.5969246 431.4704898 485.7436571 518.7244897 576.2857854 593.5589337 617.2079704 696.2318262 727.0536545 735.3152860 757.4765606 800.7051585 813.8868657 880.3217438 910.0785656 953.3242636 1002.717263 1045.148836 1100.092851 1174.212911 1233.944040 1284.891438 1371.574653 1506.433112 1567.987211 1596.185146 1687.688959 1702.514432 1843.628016 2167.002504 2339.727720 2705.495847 2838.954606 3079.198297 3369.657465 3707.046721 3757.336790 3945.655938 4863.826866 5263.978322 6307.197430 7607.444924 7856.525383 7989.674589 8535.776573 9781.950865 10682.76214 11800.47203 14060.80362 14334.70678 16119.44868 16952.09167 17620.28765 19248.03880 21526.65562 25922.95961 28593.53007 30577.90454 37289.10322 43360.52077 48032.41645 54175.35585 57503.61758 57994.29248 94401.65385 171735.2370 215379.5377 223245.4443 223415.8759 228921.3423 230725.6752 235770.7751 236278.0552 236904.1603 237374.7580 237461.2544 237972.1314 239096.9820 241094.0052 241308.8474 241830.0650 242093.4059 242658.4842 243631.7043 243966.9472 244257.0485 244890.4572 245277.2946 245405.3452 245472.2433 245568.7689 245710.6077 245995.5091 246049.2136 246278.0910 246532.2025 246623.1763 246767.0617 246831.4799 246925.7991 247211.3452 247256.8169 247392.1240 248316.3246 248570.0492 249318.3872 250298.9177 250750.4069 252430.7589 253289.7878 253412.5657 261857.2662 264163.1004 267404.2067 290744.4709 304702.4487 366947.0753 457454.0125 502962.8797 2549264.608
